      1 274982
      1 87277
      1 38068
      1 34514
      1 22628
      1 16788
      1 15034
      1 10970
      1 8955
      1 6782
      1 6170
      1 5559
      1 4898
      1 3071
      1 2809
      1 2367
      1 2313
      1 2099
      1 2094
      1 2004
      1 2001
      1 1741
      1 1635
      1 1632
      1 1630
      1 1542
      1 1480
      1 1426
      1 1130
      1 1076
      1 844
      1 803
      1 800
      1 789
      1 770
      1 766
      1 744
      1 689
      1 645
      1 558
      1 517
      1 514
      1 512
      1 502
      1 466
      1 465
      1 445
      1 426
      1 407
      1 403
      1 402
      1 401
      1 400
      1 357
      1 356
      1 348
      3 332
      1 329
      1 317
      1 315
      1 309
      1 301
      1 299
      1 294
      1 287
      1 283
      1 280
      1 279
      1 274
      1 273
      1 270
      1 269
      1 265
      1 253
      1 250
      2 249
      1 246
      1 243
      1 242
      2 241
      1 236
      1 233
      1 231
      1 227
      1 224
      2 222
      1 221
      1 215
      1 210
      1 209
      3 208
      1 206
      1 201
      1 198
      1 197
      2 189
      1 188
      1 187
      1 183
      1 182
      1 174
      1 172
      2 170
      1 169
      1 168
      1 164
      1 160
      1 157
      1 151
      1 149
      2 144
      1 141
      1 139
      1 137
      2 136
      1 132
      1 130
      1 128
      1 124
      1 123
      5 122
      3 120
      1 119
      1 117
      1 113
      4 112
      1 111
      3 110
      1 109
      1 107
      1 106
      4 105
      1 103
      1 101
      1 100
      4 99
      1 98
      1 96
      1 95
      3 94
      1 93
      1 92
      2 91
      1 89
      1 88
      3 87
      4 86
      1 84
      3 83
      1 82
      3 81
      3 80
      4 78
      3 76
      2 75
      4 74
      4 71
      4 70
      3 69
      2 68
      3 67
      5 66
      3 64
      1 63
      4 61
      1 60
      2 59
      3 58
      4 57
      3 56
      5 55
      4 53
      4 52
      4 51
      6 50
      2 49
      3 48
      8 47
      3 46
      3 45
      7 44
      6 43
      7 42
      7 41
      4 40
      7 39
      5 38
      3 37
      2 36
      5 35
      7 34
     11 33
      7 32
     11 31
      9 30
     10 29
     11 28
      8 27
     18 26
     18 25
     13 24
     25 23
     11 22
     14 21
     24 20
     18 19
     24 18
     20 17
     20 16
     27 15
     26 14
     29 13
     34 12
     49 11
     73 10
     66 9
    107 8
    115 7
    147 6
    229 5
    365 4
    818 3
   2035 2
   7017 1
